1.0
0.0
240.5666666666667
633.7162962962963
88.80296296296297
284.26148148148144
3.27283950617284
2.9572839506172843
80.23767901234568
220.14228255404726
639.013197586727
113.83295625942685
302.7968828557064
3.651332327802916
3.130718954248366
84.58733031674207
223.7874160882922
593.1320286722039
124.42179239200516
458.356620017446
4.569517452371019
3.5322612862037146
55.81745439374976
218.5241103848947
553.7089034132172
100.88733478576616
552.6735511982571
4.562251270878722
4.113725490196079
34.51197530864198
0.0
21.0
169.58333333333334
0.0
19.25833333333333
86.66666666666667
0.0
22.583333333333332
86.08333333333333
0.0
30.041666666666668
156.91666666666666
0.0
25.23333333333333
160.25
332.1706397306397
109.923164983165
414.53391694725025
4.819057239057239
4.066442199775533
332.1706397306397
109.923164983165
414.53391694725025
4.819057239057239
4.066442199775533
1.0
0.0
240.5666666666667
633.7162962962963
88.80296296296297
284.26148148148144
3.27283950617284
2.9572839506172843
80.23767901234568
220.14228255404726
639.013197586727
113.83295625942685
302.7968828557064
3.651332327802916
3.130718954248366
84.58733031674207
223.7874160882922
593.1320286722039
124.42179239200516
458.356620017446
4.569517452371019
3.5322612862037146
55.81745439374976
218.5241103848947
553.7089034132172
100.88733478576616
552.6735511982571
4.562251270878722
4.113725490196079
34.51197530864198
0.0
21.0
169.58333333333334
0.0
19.25833333333333
86.66666666666667
0.0
22.583333333333332
86.08333333333333
0.0
30.041666666666668
156.91666666666666
0.0
30.400000000000002
227.16666666666666
228.31262905162066
84.87788448712818
449.6435881019074
4.440901694010937
3.7080512204881955
228.31262905162066
84.87788448712818
449.6435881019074
4.440901694010937
3.7080512204881955
1.0
0.0
240.5666666666667
633.7162962962963
88.80296296296297
284.26148148148144
3.27283950617284
2.9572839506172843
80.23767901234568
220.14228255404726
639.013197586727
113.83295625942685
302.7968828557064
3.651332327802916
3.130718954248366
84.58733031674207
223.7874160882922
593.1320286722039
124.42179239200516
458.356620017446
4.569517452371019
3.5322612862037146
55.81745439374976
218.5241103848947
553.7089034132172
100.88733478576616
552.6735511982571
4.562251270878722
4.113725490196079
34.51197530864198
0.0
21.0
169.58333333333334
0.0
19.25833333333333
86.66666666666667
0.0
22.583333333333332
86.08333333333333
0.0
30.041666666666668
156.91666666666666
0.0
33.81666666666667
198.08333333333334
215.68534002229651
98.86092530657747
578.4673913043479
5.309921962095875
4.792363433667782
215.68534002229651
98.86092530657747
578.4673913043479
5.309921962095875
4.792363433667782
1.0
0.0
240.5666666666667
633.7162962962963
88.80296296296297
284.26148148148144
3.27283950617284
2.9572839506172843
80.23767901234568
220.14228255404726
639.013197586727
113.83295625942685
302.7968828557064
3.651332327802916
3.130718954248366
84.58733031674207
223.7874160882922
593.1320286722039
124.42179239200516
458.356620017446
4.569517452371019
3.5322612862037146
55.81745439374976
218.5241103848947
553.7089034132172
100.88733478576616
552.6735511982571
4.562251270878722
4.113725490196079
34.51197530864198
0.0
21.0
169.58333333333334
0.0
19.25833333333333
86.66666666666667
0.0
22.583333333333332
86.08333333333333
0.0
30.041666666666668
156.91666666666666
0.0
33.96666666666667
241.58333333333334
214.58606083943013
95.47897055249238
562.5978966456113
4.967592175368742
4.014984556648834
214.58606083943013
95.47897055249238
562.5978966456113
4.967592175368742
4.014984556648834
1.0
0.0
272.6203703703704
658.5242165242165
149.84924026590693
354.0092592592593
4.993589743589744
3.111348528015195
90.09999999999998
245.49399881164587
651.2753654188948
178.33196672608437
375.39610219845514
4.975080213903744
3.3118954248366013
89.05294117647055
235.9335135763707
606.711979378646
146.5036387774483
469.44787003120337
5.2313845766226725
3.3550933193790335
71.48640376378472
227.16421768707482
575.6873469387755
109.43727891156463
518.998775510204
3.9035374149659865
2.8643537414965987
49.733142857142866
0.0
21.191666666666666
148.83333333333334
0.0
19.724999999999998
204.5
0.0
22.900000000000002
107.16666666666667
0.0
27.75
170.41666666666666
0.0
24.65833333333333
245.08333333333334
317.0429836829837
148.41634032634033
449.9090675990676
8.653986013986014
5.87962703962704
317.0429836829837
148.41634032634033
449.9090675990676
8.653986013986014
5.87962703962704
1.0
0.0
272.6203703703704
658.5242165242165
149.84924026590693
354.0092592592593
4.993589743589744
3.111348528015195
90.09999999999998
245.49399881164587
651.2753654188948
178.33196672608437
375.39610219845514
4.975080213903744
3.3118954248366013
89.05294117647055
235.9335135763707
606.711979378646
146.5036387774483
469.44787003120337
5.2313845766226725
3.3550933193790335
71.48640376378472
227.16421768707482
575.6873469387755
109.43727891156463
518.998775510204
3.9035374149659865
2.8643537414965987
49.733142857142866
0.0
21.191666666666666
148.83333333333334
0.0
19.724999999999998
204.5
0.0
22.900000000000002
107.16666666666667
0.0
27.75
170.41666666666666
0.0
27.98333333333333
251.16666666666666
229.53928104575164
115.14380593262946
450.06474107591754
7.054650578179991
4.485233785822021
229.53928104575164
115.14380593262946
450.06474107591754
7.054650578179991
4.485233785822021
1.0
0.0
272.6203703703704
658.5242165242165
149.84924026590693
354.0092592592593
4.993589743589744
3.111348528015195
90.09999999999998
245.49399881164587
651.2753654188948
178.33196672608437
375.39610219845514
4.975080213903744
3.3118954248366013
89.05294117647055
235.9335135763707
606.711979378646
146.5036387774483
469.44787003120337
5.2313845766226725
3.3550933193790335
71.48640376378472
227.16421768707482
575.6873469387755
109.43727891156463
518.998775510204
3.9035374149659865
2.8643537414965987
49.733142857142866
0.0
21.191666666666666
148.83333333333334
0.0
19.724999999999998
204.5
0.0
22.900000000000002
107.16666666666667
0.0
27.75
170.41666666666666
0.0
30.616666666666664
221.5
222.27883919525257
127.18242648941737
559.0351575982274
4.052548515314473
3.148240310854293
222.27883919525257
127.18242648941737
559.0351575982274
4.052548515314473
3.148240310854293
1.0
0.0
272.6203703703704
658.5242165242165
149.84924026590693
354.0092592592593
4.993589743589744
3.111348528015195
90.09999999999998
245.49399881164587
651.2753654188948
178.33196672608437
375.39610219845514
4.975080213903744
3.3118954248366013
89.05294117647055
235.9335135763707
606.711979378646
146.5036387774483
469.44787003120337
5.2313845766226725
3.3550933193790335
71.48640376378472
227.16421768707482
575.6873469387755
109.43727891156463
518.998775510204
3.9035374149659865
2.8643537414965987
49.733142857142866
0.0
21.191666666666666
148.83333333333334
0.0
19.724999999999998
204.5
0.0
22.900000000000002
107.16666666666667
0.0
27.75
170.41666666666666
0.0
30.858333333333334
238.25
223.48368794326242
121.2070291568164
534.9704176516942
6.212151300236407
4.215760441292356
223.48368794326242
121.2070291568164
534.9704176516942
6.212151300236407
4.215760441292356
1.0
1.0
215.68534002229651
553.7948717948717
98.86092530657747
578.4673913043479
5.309921962095875
4.792363433667782
29.187151616499445
214.58606083943013
566.9217973821404
95.47897055249238
562.5978966456113
4.967592175368742
4.014984556648834
33.19971543816242
228.31262905162066
613.0110764305723
84.87788448712818
449.6435881019074
4.440901694010937
3.7080512204881955
54.32647992530345
332.1706397306397
654.2872951739619
109.923164983165
414.53391694725025
4.819057239057239
4.066442199775533
85.13340291806959
0.0
33.81666666666667
198.08333333333334
0.0
33.96666666666667
241.58333333333334
0.0
30.400000000000002
227.16666666666666
0.0
25.23333333333333
160.25
0.0
20.208333333333336
79.66666666666667
250.36949053125522
143.7087453214904
397.996452712139
9.327146528126919
7.4670269817328645
250.36949053125522
143.7087453214904
397.996452712139
9.327146528126919
7.4670269817328645
1.0
1.0
215.68534002229651
553.7948717948717
98.86092530657747
578.4673913043479
5.309921962095875
4.792363433667782
29.187151616499445
214.58606083943013
566.9217973821404
95.47897055249238
562.5978966456113
4.967592175368742
4.014984556648834
33.19971543816242
228.31262905162066
613.0110764305723
84.87788448712818
449.6435881019074
4.440901694010937
3.7080512204881955
54.32647992530345
332.1706397306397
654.2872951739619
109.923164983165
414.53391694725025
4.819057239057239
4.066442199775533
85.13340291806959
0.0
33.81666666666667
198.08333333333334
0.0
33.96666666666667
241.58333333333334
0.0
30.400000000000002
227.16666666666666
0.0
25.23333333333333
160.25
0.0
22.125
265.0833333333333
299.7715287856797
121.65088292210935
383.75784147718105
5.548459925818417
4.740384615384616
299.7715287856797
121.65088292210935
383.75784147718105
5.548459925818417
4.740384615384616
1.0
1.0
215.68534002229651
553.7948717948717
98.86092530657747
578.4673913043479
5.309921962095875
4.792363433667782
29.187151616499445
214.58606083943013
566.9217973821404
95.47897055249238
562.5978966456113
4.967592175368742
4.014984556648834
33.19971543816242
228.31262905162066
613.0110764305723
84.87788448712818
449.6435881019074
4.440901694010937
3.7080512204881955
54.32647992530345
332.1706397306397
654.2872951739619
109.923164983165
414.53391694725025
4.819057239057239
4.066442199775533
85.13340291806959
0.0
33.81666666666667
198.08333333333334
0.0
33.96666666666667
241.58333333333334
0.0
30.400000000000002
227.16666666666666
0.0
25.23333333333333
160.25
0.0
23.03333333333333
114.33333333333333
242.80945725599813
137.53945026787795
512.1348194735616
7.2655811786629405
5.882380619613325
242.80945725599813
137.53945026787795
512.1348194735616
7.2655811786629405
5.882380619613325
1.0
1.0
215.68534002229651
553.7948717948717
98.86092530657747
578.4673913043479
5.309921962095875
4.792363433667782
29.187151616499445
214.58606083943013
566.9217973821404
95.47897055249238
562.5978966456113
4.967592175368742
4.014984556648834
33.19971543816242
228.31262905162066
613.0110764305723
84.87788448712818
449.6435881019074
4.440901694010937
3.7080512204881955
54.32647992530345
332.1706397306397
654.2872951739619
109.923164983165
414.53391694725025
4.819057239057239
4.066442199775533
85.13340291806959
0.0
33.81666666666667
198.08333333333334
0.0
33.96666666666667
241.58333333333334
0.0
30.400000000000002
227.16666666666666
0.0
25.23333333333333
160.25
0.0
29.758333333333336
154.75
228.06819583179183
86.67998520162782
543.9874213836478
5.305586385497595
4.405475397706252
228.06819583179183
86.67998520162782
543.9874213836478
5.305586385497595
4.405475397706252
2.0
0.0
299.7715287856797
660.7606736816642
121.65088292210935
383.75784147718105
5.548459925818417
4.740384615384616
90.09999999999998
250.36949053125522
657.1693899782135
143.7087453214904
397.996452712139
9.327146528126919
7.4670269817328645
88.000641025641
242.80945725599813
610.2235173538318
137.53945026787795
512.1348194735616
7.2655811786629405
5.882380619613325
64.22108688562777
228.06819583179183
570.5472931310888
86.67998520162782
543.9874213836478
5.305586385497595
4.405475397706252
39.23492415834258
0.0
22.125
265.0833333333333
0.0
20.208333333333336
79.66666666666667
0.0
23.03333333333333
114.33333333333333
0.0
29.758333333333336
154.75
0.0
26.59166666666667
188.41666666666666
328.81087648734706
124.77152114407016
465.5905117032568
6.33382213284174
5.527400703871293
328.81087648734706
124.77152114407016
465.5905117032568
6.33382213284174
5.527400703871293
2.0
0.0
299.7715287856797
660.7606736816642
121.65088292210935
383.75784147718105
5.548459925818417
4.740384615384616
90.09999999999998
250.36949053125522
657.1693899782135
143.7087453214904
397.996452712139
9.327146528126919
7.4670269817328645
88.000641025641
242.80945725599813
610.2235173538318
137.53945026787795
512.1348194735616
7.2655811786629405
5.882380619613325
64.22108688562777
228.06819583179183
570.5472931310888
86.67998520162782
543.9874213836478
5.305586385497595
4.405475397706252
39.23492415834258
0.0
22.125
265.0833333333333
0.0
20.208333333333336
79.66666666666667
0.0
23.03333333333333
114.33333333333333
0.0
29.758333333333336
154.75
0.0
30.166666666666668
245.33333333333334
232.66376180101668
93.338779956427
483.2516339869281
6.475671750181554
5.0021786492374725
232.66376180101668
93.338779956427
483.2516339869281
6.475671750181554
5.0021786492374725
2.0
0.0
299.7715287856797
660.7606736816642
121.65088292210935
383.75784147718105
5.548459925818417
4.740384615384616
90.09999999999998
250.36949053125522
657.1693899782135
143.7087453214904
397.996452712139
9.327146528126919
7.4670269817328645
88.000641025641
242.80945725599813
610.2235173538318
137.53945026787795
512.1348194735616
7.2655811786629405
5.882380619613325
64.22108688562777
228.06819583179183
570.5472931310888
86.67998520162782
543.9874213836478
5.305586385497595
4.405475397706252
39.23492415834258
0.0
22.125
265.0833333333333
0.0
20.208333333333336
79.66666666666667
0.0
23.03333333333333
114.33333333333333
0.0
29.758333333333336
154.75
0.0
33.375
240.41666666666666
229.74454425644902
97.98938891796034
562.1168478787527
6.033378878616975
4.763712037521562
229.74454425644902
97.98938891796034
562.1168478787527
6.033378878616975
4.763712037521562
2.0
0.0
299.7715287856797
660.7606736816642
121.65088292210935
383.75784147718105
5.548459925818417
4.740384615384616
90.09999999999998
250.36949053125522
657.1693899782135
143.7087453214904
397.996452712139
9.327146528126919
7.4670269817328645
88.000641025641
242.80945725599813
610.2235173538318
137.53945026787795
512.1348194735616
7.2655811786629405
5.882380619613325
64.22108688562777
228.06819583179183
570.5472931310888
86.67998520162782
543.9874213836478
5.305586385497595
4.405475397706252
39.23492415834258
0.0
22.125
265.0833333333333
0.0
20.208333333333336
79.66666666666667
0.0
23.03333333333333
114.33333333333333
0.0
29.758333333333336
154.75
0.0
33.56666666666667
206.5
221.57995010965828
101.42799941962018
583.1658574832722
5.042763947252404
4.092601273487246
221.57995010965828
101.42799941962018
583.1658574832722
5.042763947252404
4.092601273487246
2.0
1.0
221.57995010965828
557.8768088039154
101.42799941962018
583.1658574832722
5.042763947252404
4.092601273487246
31.655060186502823
229.74454425644902
571.4484514603562
97.98938891796034
562.1168478787527
6.033378878616975
4.763712037521562
43.121469271469266
232.66376180101668
605.5061728395061
93.338779956427
483.2516339869281
6.475671750181554
5.0021786492374725
54.5369644153958
328.81087648734706
657.8707893413775
124.77152114407016
465.5905117032568
6.33382213284174
5.527400703871293
83.14717334227139
0.0
33.56666666666667
206.5
0.0
33.375
240.41666666666666
0.0
30.166666666666668
245.33333333333334
0.0
26.59166666666667
188.41666666666666
0.0
20.958333333333332
108.16666666666667
260.1135690743534
129.7788671023965
386.93617674990224
5.982361320596614
5.034732696497403
260.1135690743534
129.7788671023965
386.93617674990224
5.982361320596614
5.034732696497403
2.0
1.0
221.57995010965828
557.8768088039154
101.42799941962018
583.1658574832722
5.042763947252404
4.092601273487246
31.655060186502823
229.74454425644902
571.4484514603562
97.98938891796034
562.1168478787527
6.033378878616975
4.763712037521562
43.121469271469266
232.66376180101668
605.5061728395061
93.338779956427
483.2516339869281
6.475671750181554
5.0021786492374725
54.5369644153958
328.81087648734706
657.8707893413775
124.77152114407016
465.5905117032568
6.33382213284174
5.527400703871293
83.14717334227139
0.0
33.56666666666667
206.5
0.0
33.375
240.41666666666666
0.0
30.166666666666668
245.33333333333334
0.0
26.59166666666667
188.41666666666666
0.0
23.01666666666667
133.41666666666666
307.83883361921096
129.7351972555746
403.65481989708405
6.051823899371069
5.075151515151515
307.83883361921096
129.7351972555746
403.65481989708405
6.051823899371069
5.075151515151515
2.0
1.0
221.57995010965828
557.8768088039154
101.42799941962018
583.1658574832722
5.042763947252404
4.092601273487246
31.655060186502823
229.74454425644902
571.4484514603562
97.98938891796034
562.1168478787527
6.033378878616975
4.763712037521562
43.121469271469266
232.66376180101668
605.5061728395061
93.338779956427
483.2516339869281
6.475671750181554
5.0021786492374725
54.5369644153958
328.81087648734706
657.8707893413775
124.77152114407016
465.5905117032568
6.33382213284174
5.527400703871293
83.14717334227139
0.0
33.56666666666667
206.5
0.0
33.375
240.41666666666666
0.0
30.166666666666668
245.33333333333334
0.0
26.59166666666667
188.41666666666666
0.0
23.883333333333336
142.66666666666666
242.53081166272656
132.90074074074073
500.52294720252166
7.081360651431574
5.7005516154452325
242.53081166272656
132.90074074074073
500.52294720252166
7.081360651431574
5.7005516154452325
2.0
1.0
221.57995010965828
557.8768088039154
101.42799941962018
583.1658574832722
5.042763947252404
4.092601273487246
31.655060186502823
229.74454425644902
571.4484514603562
97.98938891796034
562.1168478787527
6.033378878616975
4.763712037521562
43.121469271469266
232.66376180101668
605.5061728395061
93.338779956427
483.2516339869281
6.475671750181554
5.0021786492374725
54.5369644153958
328.81087648734706
657.8707893413775
124.77152114407016
465.5905117032568
6.33382213284174
5.527400703871293
83.14717334227139
0.0
33.56666666666667
206.5
0.0
33.375
240.41666666666666
0.0
30.166666666666668
245.33333333333334
0.0
26.59166666666667
188.41666666666666
0.0
28.533333333333335
88.75
233.00178984414276
118.68131221719456
538.2661437908497
7.7262795374560085
6.586163901458019
233.00178984414276
118.68131221719456
538.2661437908497
7.7262795374560085
6.586163901458019
3.0
0.0
307.83883361921096
652.9326243567752
129.7351972555746
403.65481989708405
6.051823899371069
5.075151515151515
89.7301212121212
260.1135690743534
633.3092425004189
129.7788671023965
386.93617674990224
5.982361320596614
5.034732696497403
86.09610356963297
242.53081166272656
593.3850801155766
132.90074074074073
500.52294720252166
7.081360651431574
5.7005516154452325
62.23400472813238
233.00178984414276
568.2493815987933
118.68131221719456
538.2661437908497
7.7262795374560085
6.586163901458019
52.80635746606335
0.0
23.01666666666667
133.41666666666666
0.0
20.958333333333332
108.16666666666667
0.0
23.883333333333336
142.66666666666666
0.0
28.533333333333335
88.75
0.0
24.791666666666668
141.5
241.180174291939
84.19275236020334
313.2156862745098
4.162483660130719
3.505432098765432
241.180174291939
84.19275236020334
313.2156862745098
4.162483660130719
3.505432098765432
3.0
0.0
307.83883361921096
652.9326243567752
129.7351972555746
403.65481989708405
6.051823899371069
5.075151515151515
89.7301212121212
260.1135690743534
633.3092425004189
129.7788671023965
386.93617674990224
5.982361320596614
5.034732696497403
86.09610356963297
242.53081166272656
593.3850801155766
132.90074074074073
500.52294720252166
7.081360651431574
5.7005516154452325
62.23400472813238
233.00178984414276
568.2493815987933
118.68131221719456
538.2661437908497
7.7262795374560085
6.586163901458019
52.80635746606335
0.0
23.01666666666667
133.41666666666666
0.0
20.958333333333332
108.16666666666667
0.0
23.883333333333336
142.66666666666666
0.0
28.533333333333335
88.75
0.0
27.11666666666667
46.5
216.82186625593633
95.56787061994608
377.9664381979207
6.253392375818252
5.492362982929021
216.82186625593633
95.56787061994608
377.9664381979207
6.253392375818252
5.492362982929021
3.0
0.0
307.83883361921096
652.9326243567752
129.7351972555746
403.65481989708405
6.051823899371069
5.075151515151515
89.7301212121212
260.1135690743534
633.3092425004189
129.7788671023965
386.93617674990224
5.982361320596614
5.034732696497403
86.09610356963297
242.53081166272656
593.3850801155766
132.90074074074073
500.52294720252166
7.081360651431574
5.7005516154452325
62.23400472813238
233.00178984414276
568.2493815987933
118.68131221719456
538.2661437908497
7.7262795374560085
6.586163901458019
52.80635746606335
0.0
23.01666666666667
133.41666666666666
0.0
20.958333333333332
108.16666666666667
0.0
23.883333333333336
142.66666666666666
0.0
28.533333333333335
88.75
0.0
29.60833333333333
50.333333333333336
219.31410256410257
111.33333333333333
494.45512820512823
6.955128205128204
6.032051282051282
219.31410256410257
111.33333333333333
494.45512820512823
6.955128205128204
6.032051282051282
3.0
0.0
307.83883361921096
652.9326243567752
129.7351972555746
403.65481989708405
6.051823899371069
5.075151515151515
89.7301212121212
260.1135690743534
633.3092425004189
129.7788671023965
386.93617674990224
5.982361320596614
5.034732696497403
86.09610356963297
242.53081166272656
593.3850801155766
132.90074074074073
500.52294720252166
7.081360651431574
5.7005516154452325
62.23400472813238
233.00178984414276
568.2493815987933
118.68131221719456
538.2661437908497
7.7262795374560085
6.586163901458019
52.80635746606335
0.0
23.01666666666667
133.41666666666666
0.0
20.958333333333332
108.16666666666667
0.0
23.883333333333336
142.66666666666666
0.0
28.533333333333335
88.75
0.0
30.366666666666664
53.583333333333336
226.6462703962704
129.6625874125874
561.5128205128204
8.006410256410257
7.088578088578089
226.6462703962704
129.6625874125874
561.5128205128204
8.006410256410257
7.088578088578089
3.0
1.0
226.6462703962704
561.3222610722611
129.6625874125874
561.5128205128204
8.006410256410257
7.088578088578089
49.05897435897435
219.31410256410257
574.7948717948718
111.33333333333333
494.45512820512823
6.955128205128204
6.032051282051282
55.90320512820512
216.82186625593633
594.064831215505
95.56787061994608
377.9664381979207
6.253392375818252
5.492362982929021
68.27040020536515
241.180174291939
605.270515613653
84.19275236020334
313.2156862745098
4.162483660130719
3.505432098765432
64.40957153231663
0.0
30.366666666666664
53.583333333333336
0.0
29.60833333333333
50.333333333333336
0.0
27.11666666666667
46.5
0.0
24.791666666666668
141.5
0.0
22.708333333333332
43.75
248.69899726272274
71.06509412881961
240.45663650075414
1.310974247248757
0.9682978604547232
248.69899726272274
71.06509412881961
240.45663650075414
1.310974247248757
0.9682978604547232
3.0
1.0
226.6462703962704
561.3222610722611
129.6625874125874
561.5128205128204
8.006410256410257
7.088578088578089
49.05897435897435
219.31410256410257
574.7948717948718
111.33333333333333
494.45512820512823
6.955128205128204
6.032051282051282
55.90320512820512
216.82186625593633
594.064831215505
95.56787061994608
377.9664381979207
6.253392375818252
5.492362982929021
68.27040020536515
241.180174291939
605.270515613653
84.19275236020334
313.2156862745098
4.162483660130719
3.505432098765432
64.40957153231663
0.0
30.366666666666664
53.583333333333336
0.0
29.60833333333333
50.333333333333336
0.0
27.11666666666667
46.5
0.0
24.791666666666668
141.5
0.0
23.59166666666667
38.583333333333336
258.4173923560716
66.7428640541848
236.61078858248666
1.7011369134010643
1.2115384615384615
258.4173923560716
66.7428640541848
236.61078858248666
1.7011369134010643
1.2115384615384615
3.0
1.0
226.6462703962704
561.3222610722611
129.6625874125874
561.5128205128204
8.006410256410257
7.088578088578089
49.05897435897435
219.31410256410257
574.7948717948718
111.33333333333333
494.45512820512823
6.955128205128204
6.032051282051282
55.90320512820512
216.82186625593633
594.064831215505
95.56787061994608
377.9664381979207
6.253392375818252
5.492362982929021
68.27040020536515
241.180174291939
605.270515613653
84.19275236020334
313.2156862745098
4.162483660130719
3.505432098765432
64.40957153231663
0.0
30.366666666666664
53.583333333333336
0.0
29.60833333333333
50.333333333333336
0.0
27.11666666666667
46.5
0.0
24.791666666666668
141.5
0.0
24.575
48.916666666666664
199.97200641262793
77.7007029226785
348.75644345788623
1.3491182636576642
1.0
199.97200641262793
77.7007029226785
348.75644345788623
1.3491182636576642
1.0
3.0
1.0
226.6462703962704
561.3222610722611
129.6625874125874
561.5128205128204
8.006410256410257
7.088578088578089
49.05897435897435
219.31410256410257
574.7948717948718
111.33333333333333
494.45512820512823
6.955128205128204
6.032051282051282
55.90320512820512
216.82186625593633
594.064831215505
95.56787061994608
377.9664381979207
6.253392375818252
5.492362982929021
68.27040020536515
241.180174291939
605.270515613653
84.19275236020334
313.2156862745098
4.162483660130719
3.505432098765432
64.40957153231663
0.0
30.366666666666664
53.583333333333336
0.0
29.60833333333333
50.333333333333336
0.0
27.11666666666667
46.5
0.0
24.791666666666668
141.5
0.0
28.691666666666666
74.66666666666667
193.1960784313725
89.05228758169933
488.02614379084963
1.477124183006536
1.0784313725490196
193.1960784313725
89.05228758169933
488.02614379084963
1.477124183006536
1.0784313725490196
4.0
0.0
258.4173923560716
611.6348572810837
66.7428640541848
236.61078858248666
1.7011369134010643
1.2115384615384615
51.99446057087565
248.69899726272274
601.3017289536897
71.06509412881961
240.45663650075414
1.310974247248757
0.9682978604547232
48.46838305122619
199.97200641262793
571.0550006165989
77.7007029226785
348.75644345788623
1.3491182636576642
1.0
35.250252805524724
193.1960784313725
558.8692810457516
89.05228758169933
488.02614379084963
1.477124183006536
1.0784313725490196
27.535947712418302
0.0
23.59166666666667
38.583333333333336
0.0
22.708333333333332
43.75
0.0
24.575
48.916666666666664
0.0
28.691666666666666
74.66666666666667
0.0
25.40833333333333
53.916666666666664
318.8679245283019
108.56603773584906
430.68553459119494
2.2327044025157234
1.3836477987421383
318.8679245283019
108.56603773584906
430.68553459119494
2.2327044025157234
1.3836477987421383
4.0
0.0
258.4173923560716
611.6348572810837
66.7428640541848
236.61078858248666
1.7011369134010643
1.2115384615384615
51.99446057087565
248.69899726272274
601.3017289536897
71.06509412881961
240.45663650075414
1.310974247248757
0.9682978604547232
48.46838305122619
199.97200641262793
571.0550006165989
77.7007029226785
348.75644345788623
1.3491182636576642
1.0
35.250252805524724
193.1960784313725
558.8692810457516
89.05228758169933
488.02614379084963
1.477124183006536
1.0784313725490196
27.535947712418302
0.0
23.59166666666667
38.583333333333336
0.0
22.708333333333332
43.75
0.0
24.575
48.916666666666664
0.0
28.691666666666666
74.66666666666667
0.0
29.60833333333333
81.5
218.18042452830187
102.67020440251572
452.13692348008385
3.074030398322851
2.2911425576519915
218.18042452830187
102.67020440251572
452.13692348008385
3.074030398322851
2.2911425576519915
4.0
0.0
258.4173923560716
611.6348572810837
66.7428640541848
236.61078858248666
1.7011369134010643
1.2115384615384615
51.99446057087565
248.69899726272274
601.3017289536897
71.06509412881961
240.45663650075414
1.310974247248757
0.9682978604547232
48.46838305122619
199.97200641262793
571.0550006165989
77.7007029226785
348.75644345788623
1.3491182636576642
1.0
35.250252805524724
193.1960784313725
558.8692810457516
89.05228758169933
488.02614379084963
1.477124183006536
1.0784313725490196
27.535947712418302
0.0
23.59166666666667
38.583333333333336
0.0
22.708333333333332
43.75
0.0
24.575
48.916666666666664
0.0
28.691666666666666
74.66666666666667
0.0
31.625
121.91666666666667
202.22830978545264
105.92704343275773
547.4276399790684
2.4262899005756147
2.0566457352171637
202.22830978545264
105.92704343275773
547.4276399790684
2.4262899005756147
2.0566457352171637
4.0
0.0
258.4173923560716
611.6348572810837
66.7428640541848
236.61078858248666
1.7011369134010643
1.2115384615384615
51.99446057087565
248.69899726272274
601.3017289536897
71.06509412881961
240.45663650075414
1.310974247248757
0.9682978604547232
48.46838305122619
199.97200641262793
571.0550006165989
77.7007029226785
348.75644345788623
1.3491182636576642
1.0
35.250252805524724
193.1960784313725
558.8692810457516
89.05228758169933
488.02614379084963
1.477124183006536
1.0784313725490196
27.535947712418302
0.0
23.59166666666667
38.583333333333336
0.0
22.708333333333332
43.75
0.0
24.575
48.916666666666664
0.0
28.691666666666666
74.66666666666667
0.0
31.84166666666667
79.83333333333333
206.5688788335847
102.67320261437908
539.2582956259427
3.2655857214680744
2.980392156862745
206.5688788335847
102.67320261437908
539.2582956259427
3.2655857214680744
2.980392156862745
4.0
1.0
202.22830978545264
550.6298796441654
105.92704343275773
547.4276399790684
2.4262899005756147
2.0566457352171637
27.310214547357404
206.5688788335847
560.1225490196078
102.67320261437908
539.2582956259427
3.2655857214680744
2.980392156862745
31.513448969331325
218.18042452830187
594.1741352201258
102.67020440251572
452.13692348008385
3.074030398322851
2.2911425576519915
52.49838836477986
318.8679245283019
614.069182389937
108.56603773584906
430.68553459119494
2.2327044025157234
1.3836477987421383
62.44465408805032
0.0
31.625
121.91666666666667
0.0
31.84166666666667
79.83333333333333
0.0
29.60833333333333
81.5
0.0
25.40833333333333
53.916666666666664
0.0
22.224999999999998
128.0
297.3629477324446
131.4233456969306
432.8225778996219
2.7838655055636186
2.0185185185185186
297.3629477324446
131.4233456969306
432.8225778996219
2.7838655055636186
2.0185185185185186
4.0
1.0
202.22830978545264
550.6298796441654
105.92704343275773
547.4276399790684
2.4262899005756147
2.0566457352171637
27.310214547357404
206.5688788335847
560.1225490196078
102.67320261437908
539.2582956259427
3.2655857214680744
2.980392156862745
31.513448969331325
218.18042452830187
594.1741352201258
102.67020440251572
452.13692348008385
3.074030398322851
2.2911425576519915
52.49838836477986
318.8679245283019
614.069182389937
108.56603773584906
430.68553459119494
2.2327044025157234
1.3836477987421383
62.44465408805032
0.0
31.625
121.91666666666667
0.0
31.84166666666667
79.83333333333333
0.0
29.60833333333333
81.5
0.0
25.40833333333333
53.916666666666664
0.0
23.50833333333333
138.5
244.28949222776131
173.95013777581457
504.08057781704207
5.398913569340149
3.3080814454891567
244.28949222776131
173.95013777581457
504.08057781704207
5.398913569340149
3.3080814454891567
4.0
1.0
202.22830978545264
550.6298796441654
105.92704343275773
547.4276399790684
2.4262899005756147
2.0566457352171637
27.310214547357404
206.5688788335847
560.1225490196078
102.67320261437908
539.2582956259427
3.2655857214680744
2.980392156862745
31.513448969331325
218.18042452830187
594.1741352201258
102.67020440251572
452.13692348008385
3.074030398322851
2.2911425576519915
52.49838836477986
318.8679245283019
614.069182389937
108.56603773584906
430.68553459119494
2.2327044025157234
1.3836477987421383
62.44465408805032
0.0
31.625
121.91666666666667
0.0
31.84166666666667
79.83333333333333
0.0
29.60833333333333
81.5
0.0
25.40833333333333
53.916666666666664
0.0
23.733333333333334
159.16666666666666
364.07967800892334
125.87870683939866
455.5146436954613
2.3216506298267308
1.751661918328585
364.07967800892334
125.87870683939866
455.5146436954613
2.3216506298267308
1.751661918328585
4.0
1.0
202.22830978545264
550.6298796441654
105.92704343275773
547.4276399790684
2.4262899005756147
2.0566457352171637
27.310214547357404
206.5688788335847
560.1225490196078
102.67320261437908
539.2582956259427
3.2655857214680744
2.980392156862745
31.513448969331325
218.18042452830187
594.1741352201258
102.67020440251572
452.13692348008385
3.074030398322851
2.2911425576519915
52.49838836477986
318.8679245283019
614.069182389937
108.56603773584906
430.68553459119494
2.2327044025157234
1.3836477987421383
62.44465408805032
0.0
31.625
121.91666666666667
0.0
31.84166666666667
79.83333333333333
0.0
29.60833333333333
81.5
0.0
25.40833333333333
53.916666666666664
3.5000000083333336E7
21.416666666666668
135.58333333333334
255.64074693422518
141.46934225195096
464.9122073578595
6.891583054626532
5.6064659977703455
255.64074693422518
141.46934225195096
464.9122073578595
6.891583054626532
5.6064659977703455
5.0
0.0
364.07967800892334
632.40199609382
125.87870683939866
455.5146436954613
2.3216506298267308
1.751661918328585
72.77590352810479
297.3629477324446
622.108987797667
131.4233456969306
432.8225778996219
2.7838655055636186
2.0185185185185186
73.53413159167876
244.28949222776131
626.6766527839128
173.95013777581457
504.08057781704207
5.398913569340149
3.3080814454891567
69.76690120106855
255.64074693422518
639.7672798216277
141.46934225195096
464.9122073578595
6.891583054626532
5.6064659977703455
89.27179487179485
0.0
23.733333333333334
159.16666666666666
0.0
22.224999999999998
128.0
0.0
23.50833333333333
138.5
3.5000000083333336E7
21.416666666666668
135.58333333333334
0.0
22.89166666666667
147.16666666666666
282.47861900004756
160.94409400123686
442.43958184672465
11.595473574045002
8.443199657485373
282.47861900004756
160.94409400123686
442.43958184672465
11.595473574045002
8.443199657485373
5.0
0.0
364.07967800892334
632.40199609382
125.87870683939866
455.5146436954613
2.3216506298267308
1.751661918328585
72.77590352810479
297.3629477324446
622.108987797667
131.4233456969306
432.8225778996219
2.7838655055636186
2.0185185185185186
73.53413159167876
244.28949222776131
626.6766527839128
173.95013777581457
504.08057781704207
5.398913569340149
3.3080814454891567
69.76690120106855
255.64074693422518
639.7672798216277
141.46934225195096
464.9122073578595
6.891583054626532
5.6064659977703455
89.27179487179485
0.0
23.733333333333334
159.16666666666666
0.0
22.224999999999998
128.0
0.0
23.50833333333333
138.5
3.5000000083333336E7
21.416666666666668
135.58333333333334
0.0
23.65833333333333
141.0
232.14996505939902
102.26821802935011
441.9748707197764
6.00335429769392
4.973738644304682
232.14996505939902
102.26821802935011
441.9748707197764
6.00335429769392
4.973738644304682
5.0
0.0
364.07967800892334
632.40199609382
125.87870683939866
455.5146436954613
2.3216506298267308
1.751661918328585
72.77590352810479
297.3629477324446
622.108987797667
131.4233456969306
432.8225778996219
2.7838655055636186
2.0185185185185186
73.53413159167876
244.28949222776131
626.6766527839128
173.95013777581457
504.08057781704207
5.398913569340149
3.3080814454891567
69.76690120106855
255.64074693422518
639.7672798216277
141.46934225195096
464.9122073578595
6.891583054626532
5.6064659977703455
89.27179487179485
0.0
23.733333333333334
159.16666666666666
0.0
22.224999999999998
128.0
0.0
23.50833333333333
138.5
3.5000000083333336E7
21.416666666666668
135.58333333333334
0.0
24.391666666666666
196.08333333333334
238.6690170940171
111.72860334110334
408.2383547008547
11.899222999223
9.227797202797204
238.6690170940171
111.72860334110334
408.2383547008547
11.899222999223
9.227797202797204
5.0
0.0
364.07967800892334
632.40199609382
125.87870683939866
455.5146436954613
2.3216506298267308
1.751661918328585
72.77590352810479
297.3629477324446
622.108987797667
131.4233456969306
432.8225778996219
2.7838655055636186
2.0185185185185186
73.53413159167876
244.28949222776131
626.6766527839128
173.95013777581457
504.08057781704207
5.398913569340149
3.3080814454891567
69.76690120106855
255.64074693422518
639.7672798216277
141.46934225195096
464.9122073578595
6.891583054626532
5.6064659977703455
89.27179487179485
0.0
23.733333333333334
159.16666666666666
0.0
22.224999999999998
128.0
0.0
23.50833333333333
138.5
3.5000000083333336E7
21.416666666666668
135.58333333333334
0.0
25.741666666666664
236.83333333333334
230.0710558008832
93.40800214104108
410.99504884249967
8.094473437709086
6.539007092198582
230.0710558008832
93.40800214104108
410.99504884249967
8.094473437709086
6.539007092198582
5.0
1.0
232.14996505939902
573.1727603074772
102.26821802935011
441.9748707197764
6.00335429769392
4.973738644304682
69.47262194269742
230.0710558008832
576.0369329586512
93.40800214104108
410.99504884249967
8.094473437709086
6.539007092198582
69.91546902181186
238.6690170940171
598.5674242424243
111.72860334110334
408.2383547008547
11.899222999223
9.227797202797204
82.7428078865579
282.47861900004756
630.7349745492603
160.94409400123686
442.43958184672465
11.595473574045002
8.443199657485373
89.61972789115644
0.0
23.65833333333333
141.0
0.0
25.741666666666664
236.83333333333334
0.0
24.391666666666666
196.08333333333334
0.0
22.89166666666667
147.16666666666666
0.0
20.225
62.0
240.53995722423397
143.25540308747856
378.5402473371027
7.919791203439002
6.129530101857146
240.53995722423397
143.25540308747856
378.5402473371027
7.919791203439002
6.129530101857146
5.0
1.0
232.14996505939902
573.1727603074772
102.26821802935011
441.9748707197764
6.00335429769392
4.973738644304682
69.47262194269742
230.0710558008832
576.0369329586512
93.40800214104108
410.99504884249967
8.094473437709086
6.539007092198582
69.91546902181186
238.6690170940171
598.5674242424243
111.72860334110334
408.2383547008547
11.899222999223
9.227797202797204
82.7428078865579
282.47861900004756
630.7349745492603
160.94409400123686
442.43958184672465
11.595473574045002
8.443199657485373
89.61972789115644
0.0
23.65833333333333
141.0
0.0
25.741666666666664
236.83333333333334
0.0
24.391666666666666
196.08333333333334
0.0
22.89166666666667
147.16666666666666
0.0
21.075
64.25
277.85925925925926
192.81296296296296
440.85313390313394
10.143162393162394
7.682621082621083
277.85925925925926
192.81296296296296
440.85313390313394
10.143162393162394
7.682621082621083
5.0
1.0
232.14996505939902
573.1727603074772
102.26821802935011
441.9748707197764
6.00335429769392
4.973738644304682
69.47262194269742
230.0710558008832
576.0369329586512
93.40800214104108
410.99504884249967
8.094473437709086
6.539007092198582
69.91546902181186
238.6690170940171
598.5674242424243
111.72860334110334
408.2383547008547
11.899222999223
9.227797202797204
82.7428078865579
282.47861900004756
630.7349745492603
160.94409400123686
442.43958184672465
11.595473574045002
8.443199657485373
89.61972789115644
0.0
23.65833333333333
141.0
0.0
25.741666666666664
236.83333333333334
0.0
24.391666666666666
196.08333333333334
0.0
22.89166666666667
147.16666666666666
0.0
21.075
108.16666666666667
222.42426400759734
95.04131054131055
334.91120607787275
5.18755935422602
4.06980056980057
222.42426400759734
95.04131054131055
334.91120607787275
5.18755935422602
4.06980056980057
5.0
1.0
232.14996505939902
573.1727603074772
102.26821802935011
441.9748707197764
6.00335429769392
4.973738644304682
69.47262194269742
230.0710558008832
576.0369329586512
93.40800214104108
410.99504884249967
8.094473437709086
6.539007092198582
69.91546902181186
238.6690170940171
598.5674242424243
111.72860334110334
408.2383547008547
11.899222999223
9.227797202797204
82.7428078865579
282.47861900004756
630.7349745492603
160.94409400123686
442.43958184672465
11.595473574045002
8.443199657485373
89.61972789115644
0.0
23.65833333333333
141.0
0.0
25.741666666666664
236.83333333333334
0.0
24.391666666666666
196.08333333333334
0.0
22.89166666666667
147.16666666666666
0.0
24.24166666666667
106.75
222.1525786163522
99.71308176100628
446.7155974842767
6.96993710691824
5.883018867924528
222.1525786163522
99.71308176100628
446.7155974842767
6.96993710691824
5.883018867924528
6.0
0.0
277.85925925925926
658.9653846153847
192.81296296296296
440.85313390313394
10.143162393162394
7.682621082621083
90.09999999999998
240.53995722423397
638.4068843571988
143.25540308747856
378.5402473371027
7.919791203439002
6.129530101857146
88.05493827160491
222.42426400759734
588.0254036087368
95.04131054131055
334.91120607787275
5.18755935422602
4.06980056980057
75.13822412155746
222.1525786163522
567.528679245283
99.71308176100628
446.7155974842767
6.96993710691824
5.883018867924528
57.52977358490566
0.0
21.075
64.25
0.0
20.225
62.0
0.0
21.075
108.16666666666667
0.0
24.24166666666667
106.75
0.0
23.15833333333333
213.0
282.623599221982
98.30726281804448
354.51546409565276
5.29400541058223
4.156462585034014
282.623599221982
98.30726281804448
354.51546409565276
5.29400541058223
4.156462585034014
6.0
0.0
277.85925925925926
658.9653846153847
192.81296296296296
440.85313390313394
10.143162393162394
7.682621082621083
90.09999999999998
240.53995722423397
638.4068843571988
143.25540308747856
378.5402473371027
7.919791203439002
6.129530101857146
88.05493827160491
222.42426400759734
588.0254036087368
95.04131054131055
334.91120607787275
5.18755935422602
4.06980056980057
75.13822412155746
222.1525786163522
567.528679245283
99.71308176100628
446.7155974842767
6.96993710691824
5.883018867924528
57.52977358490566
0.0
21.075
64.25
0.0
20.225
62.0
0.0
21.075
108.16666666666667
0.0
24.24166666666667
106.75
0.0
25.058333333333334
247.83333333333334
225.587651163525
74.53976824224054
312.3919358403587
5.826071169208425
4.854725142875186
225.587651163525
74.53976824224054
312.3919358403587
5.826071169208425
4.854725142875186
6.0
0.0
277.85925925925926
658.9653846153847
192.81296296296296
440.85313390313394
10.143162393162394
7.682621082621083
90.09999999999998
240.53995722423397
638.4068843571988
143.25540308747856
378.5402473371027
7.919791203439002
6.129530101857146
88.05493827160491
222.42426400759734
588.0254036087368
95.04131054131055
334.91120607787275
5.18755935422602
4.06980056980057
75.13822412155746
222.1525786163522
567.528679245283
99.71308176100628
446.7155974842767
6.96993710691824
5.883018867924528
57.52977358490566
0.0
21.075
64.25
0.0
20.225
62.0
0.0
21.075
108.16666666666667
0.0
24.24166666666667
106.75
0.0
26.816666666666666
201.41666666666666
218.34597229205073
88.30139377688397
433.8505670074298
8.301407742584212
7.096447125858891
218.34597229205073
88.30139377688397
433.8505670074298
8.301407742584212
7.096447125858891
6.0
0.0
277.85925925925926
658.9653846153847
192.81296296296296
440.85313390313394
10.143162393162394
7.682621082621083
90.09999999999998
240.53995722423397
638.4068843571988
143.25540308747856
378.5402473371027
7.919791203439002
6.129530101857146
88.05493827160491
222.42426400759734
588.0254036087368
95.04131054131055
334.91120607787275
5.18755935422602
4.06980056980057
75.13822412155746
222.1525786163522
567.528679245283
99.71308176100628
446.7155974842767
6.96993710691824
5.883018867924528
57.52977358490566
0.0
21.075
64.25
0.0
20.225
62.0
0.0
21.075
108.16666666666667
0.0
24.24166666666667
106.75
0.0
28.025000000000002
209.25
219.9296115427303
89.15276359600443
449.7978246392897
7.686548279689234
6.219713898137871
219.9296115427303
89.15276359600443
449.7978246392897
7.686548279689234
6.219713898137871
6.0
1.0
218.34597229205073
566.2558935255014
88.30139377688397
433.8505670074298
8.301407742584212
7.096447125858891
52.47035081839004
219.9296115427303
567.6846713528179
89.15276359600443
449.7978246392897
7.686548279689234
6.219713898137871
55.610317425083245
225.587651163525
594.167740203972
74.53976824224054
312.3919358403587
5.826071169208425
4.854725142875186
76.61760759054023
282.623599221982
607.776230956824
98.30726281804448
354.51546409565276
5.29400541058223
4.156462585034014
87.04293390796086
0.0
26.816666666666666
201.41666666666666
0.0
28.025000000000002
209.25
0.0
25.058333333333334
247.83333333333334
0.0
23.15833333333333
213.0
0.0
21.766666666666666
156.66666666666666
270.9359519811795
149.2136752136752
422.54622594078756
6.193230219034881
4.761181782824402
270.9359519811795
149.2136752136752
422.54622594078756
6.193230219034881
4.761181782824402
6.0
1.0
218.34597229205073
566.2558935255014
88.30139377688397
433.8505670074298
8.301407742584212
7.096447125858891
52.47035081839004
219.9296115427303
567.6846713528179
89.15276359600443
449.7978246392897
7.686548279689234
6.219713898137871
55.610317425083245
225.587651163525
594.167740203972
74.53976824224054
312.3919358403587
5.826071169208425
4.854725142875186
76.61760759054023
282.623599221982
607.776230956824
98.30726281804448
354.51546409565276
5.29400541058223
4.156462585034014
87.04293390796086
0.0
26.816666666666666
201.41666666666666
0.0
28.025000000000002
209.25
0.0
25.058333333333334
247.83333333333334
0.0
23.15833333333333
213.0
0.0
22.175
128.91666666666666
303.4889549527231
107.08547008547008
358.9011623105826
5.125418060200669
4.007246376811594
303.4889549527231
107.08547008547008
358.9011623105826
5.125418060200669
4.007246376811594
6.0
1.0
218.34597229205073
566.2558935255014
88.30139377688397
433.8505670074298
8.301407742584212
7.096447125858891
52.47035081839004
219.9296115427303
567.6846713528179
89.15276359600443
449.7978246392897
7.686548279689234
6.219713898137871
55.610317425083245
225.587651163525
594.167740203972
74.53976824224054
312.3919358403587
5.826071169208425
4.854725142875186
76.61760759054023
282.623599221982
607.776230956824
98.30726281804448
354.51546409565276
5.29400541058223
4.156462585034014
87.04293390796086
0.0
26.816666666666666
201.41666666666666
0.0
28.025000000000002
209.25
0.0
25.058333333333334
247.83333333333334
0.0
23.15833333333333
213.0
0.0
22.89166666666667
137.16666666666666
237.9297839506173
103.79783950617285
410.7006172839506
5.179012345679012
4.234567901234568
237.9297839506173
103.79783950617285
410.7006172839506
5.179012345679012
4.234567901234568
6.0
1.0
218.34597229205073
566.2558935255014
88.30139377688397
433.8505670074298
8.301407742584212
7.096447125858891
52.47035081839004
219.9296115427303
567.6846713528179
89.15276359600443
449.7978246392897
7.686548279689234
6.219713898137871
55.610317425083245
225.587651163525
594.167740203972
74.53976824224054
312.3919358403587
5.826071169208425
4.854725142875186
76.61760759054023
282.623599221982
607.776230956824
98.30726281804448
354.51546409565276
5.29400541058223
4.156462585034014
87.04293390796086
0.0
26.816666666666666
201.41666666666666
0.0
28.025000000000002
209.25
0.0
25.058333333333334
247.83333333333334
0.0
23.15833333333333
213.0
0.0
26.51666666666667
166.41666666666666
228.29374265429442
100.46824515969911
471.0484118175572
4.3806503733568904
3.62188145698531
228.29374265429442
100.46824515969911
471.0484118175572
4.3806503733568904
3.62188145698531
7.0
0.0
303.4889549527231
613.7798319501218
107.08547008547008
358.9011623105826
5.125418060200669
4.007246376811594
88.81360192410916
270.9359519811795
640.755338323041
149.2136752136752
422.54622594078756
6.193230219034881
4.761181782824402
90.08823529411762
237.9297839506173
592.6766975308642
103.79783950617285
410.7006172839506
5.179012345679012
4.234567901234568
76.27554012345678
228.29374265429442
569.7403766538063
100.46824515969911
471.0484118175572
4.3806503733568904
3.62188145698531
56.454997344849886
0.0
22.175
128.91666666666666
0.0
21.766666666666666
156.66666666666666
0.0
22.89166666666667
137.16666666666666
0.0
26.51666666666667
166.41666666666666
0.0
24.25
191.75
289.5692307692308
125.91165501165501
379.2262237762238
4.718997668997669
2.890675990675991
289.5692307692308
125.91165501165501
379.2262237762238
4.718997668997669
2.890675990675991
7.0
0.0
303.4889549527231
613.7798319501218
107.08547008547008
358.9011623105826
5.125418060200669
4.007246376811594
88.81360192410916
270.9359519811795
640.755338323041
149.2136752136752
422.54622594078756
6.193230219034881
4.761181782824402
90.08823529411762
237.9297839506173
592.6766975308642
103.79783950617285
410.7006172839506
5.179012345679012
4.234567901234568
76.27554012345678
228.29374265429442
569.7403766538063
100.46824515969911
471.0484118175572
4.3806503733568904
3.62188145698531
56.454997344849886
0.0
22.175
128.91666666666666
0.0
21.766666666666666
156.66666666666666
0.0
22.89166666666667
137.16666666666666
0.0
26.51666666666667
166.41666666666666
0.0
27.258333333333336
243.16666666666666
216.88566597417875
100.06364722957397
397.3456273656052
4.029129552159518
2.1579702514774657
216.88566597417875
100.06364722957397
397.3456273656052
4.029129552159518
2.1579702514774657
7.0
0.0
303.4889549527231
613.7798319501218
107.08547008547008
358.9011623105826
5.125418060200669
4.007246376811594
88.81360192410916
270.9359519811795
640.755338323041
149.2136752136752
422.54622594078756
6.193230219034881
4.761181782824402
90.08823529411762
237.9297839506173
592.6766975308642
103.79783950617285
410.7006172839506
5.179012345679012
4.234567901234568
76.27554012345678
228.29374265429442
569.7403766538063
100.46824515969911
471.0484118175572
4.3806503733568904
3.62188145698531
56.454997344849886
0.0
22.175
128.91666666666666
0.0
21.766666666666666
156.66666666666666
0.0
22.89166666666667
137.16666666666666
0.0
26.51666666666667
166.41666666666666
0.0
29.8
205.08333333333334
220.5355852644088
116.48912061794415
533.7593464052287
3.6247831253713607
2.886149732620321
220.5355852644088
116.48912061794415
533.7593464052287
3.6247831253713607
2.886149732620321
7.0
0.0
303.4889549527231
613.7798319501218
107.08547008547008
358.9011623105826
5.125418060200669
4.007246376811594
88.81360192410916
270.9359519811795
640.755338323041
149.2136752136752
422.54622594078756
6.193230219034881
4.761181782824402
90.08823529411762
237.9297839506173
592.6766975308642
103.79783950617285
410.7006172839506
5.179012345679012
4.234567901234568
76.27554012345678
228.29374265429442
569.7403766538063
100.46824515969911
471.0484118175572
4.3806503733568904
3.62188145698531
56.454997344849886
0.0
22.175
128.91666666666666
0.0
21.766666666666666
156.66666666666666
0.0
22.89166666666667
137.16666666666666
0.0
26.51666666666667
166.41666666666666
0.0
30.5
235.83333333333334
219.5348717948718
119.71384615384615
524.1505128205127
3.7943589743589743
2.2405128205128206
219.5348717948718
119.71384615384615
524.1505128205127
3.7943589743589743
2.2405128205128206
7.0
1.0
220.5355852644088
570.0676827094475
116.48912061794415
533.7593464052287
3.6247831253713607
2.886149732620321
44.69268568033274
219.5348717948718
579.7079487179486
119.71384615384615
524.1505128205127
3.7943589743589743
2.2405128205128206
50.04420512820513
216.88566597417875
602.5580527808607
100.06364722957397
397.3456273656052
4.029129552159518
2.1579702514774657
62.209223370044676
289.5692307692308
638.3995337995339
125.91165501165501
379.2262237762238
4.718997668997669
2.890675990675991
83.39999999999998
0.0
29.8
205.08333333333334
0.0
30.5
235.83333333333334
0.0
27.258333333333336
243.16666666666666
0.0
24.25
191.75
0.0
19.724999999999998
204.5
245.49399881164587
178.33196672608437
375.39610219845514
4.975080213903744
3.3118954248366013
245.49399881164587
178.33196672608437
375.39610219845514
4.975080213903744
3.3118954248366013
7.0
1.0
220.5355852644088
570.0676827094475
116.48912061794415
533.7593464052287
3.6247831253713607
2.886149732620321
44.69268568033274
219.5348717948718
579.7079487179486
119.71384615384615
524.1505128205127
3.7943589743589743
2.2405128205128206
50.04420512820513
216.88566597417875
602.5580527808607
100.06364722957397
397.3456273656052
4.029129552159518
2.1579702514774657
62.209223370044676
289.5692307692308
638.3995337995339
125.91165501165501
379.2262237762238
4.718997668997669
2.890675990675991
83.39999999999998
0.0
29.8
205.08333333333334
0.0
30.5
235.83333333333334
0.0
27.258333333333336
243.16666666666666
0.0
24.25
191.75
0.0
21.191666666666666
148.83333333333334
272.6203703703704
149.84924026590693
354.0092592592593
4.993589743589744
3.111348528015195
272.6203703703704
149.84924026590693
354.0092592592593
4.993589743589744
3.111348528015195
7.0
1.0
220.5355852644088
570.0676827094475
116.48912061794415
533.7593464052287
3.6247831253713607
2.886149732620321
44.69268568033274
219.5348717948718
579.7079487179486
119.71384615384615
524.1505128205127
3.7943589743589743
2.2405128205128206
50.04420512820513
216.88566597417875
602.5580527808607
100.06364722957397
397.3456273656052
4.029129552159518
2.1579702514774657
62.209223370044676
289.5692307692308
638.3995337995339
125.91165501165501
379.2262237762238
4.718997668997669
2.890675990675991
83.39999999999998
0.0
29.8
205.08333333333334
0.0
30.5
235.83333333333334
0.0
27.258333333333336
243.16666666666666
0.0
24.25
191.75
0.0
22.900000000000002
107.16666666666667
235.9335135763707
146.5036387774483
469.44787003120337
5.2313845766226725
3.3550933193790335
235.9335135763707
146.5036387774483
469.44787003120337
5.2313845766226725
3.3550933193790335
7.0
1.0
220.5355852644088
570.0676827094475
116.48912061794415
533.7593464052287
3.6247831253713607
2.886149732620321
44.69268568033274
219.5348717948718
579.7079487179486
119.71384615384615
524.1505128205127
3.7943589743589743
2.2405128205128206
50.04420512820513
216.88566597417875
602.5580527808607
100.06364722957397
397.3456273656052
4.029129552159518
2.1579702514774657
62.209223370044676
289.5692307692308
638.3995337995339
125.91165501165501
379.2262237762238
4.718997668997669
2.890675990675991
83.39999999999998
0.0
29.8
205.08333333333334
0.0
30.5
235.83333333333334
0.0
27.258333333333336
243.16666666666666
0.0
24.25
191.75
0.0
27.75
170.41666666666666
227.16421768707482
109.43727891156463
518.998775510204
3.9035374149659865
2.8643537414965987
227.16421768707482
109.43727891156463
518.998775510204
3.9035374149659865
2.8643537414965987
