1.0
240.5666666666667
633.7162962962963
88.80296296296297
284.26148148148144
3.27283950617284
2.9572839506172843
80.23767901234568
220.14228255404726
639.013197586727
113.83295625942685
302.7968828557064
3.651332327802916
3.130718954248366
84.58733031674207
223.7874160882922
593.1320286722039
124.42179239200516
458.356620017446
4.569517452371019
3.5322612862037146
55.81745439374976
218.5241103848947
553.7089034132172
100.88733478576616
552.6735511982571
4.562251270878722
4.113725490196079
34.51197530864198
215.68534002229651
553.7948717948717
98.86092530657747
578.4673913043479
5.309921962095875
4.792363433667782
29.187151616499445
214.58606083943013
566.9217973821404
95.47897055249238
562.5978966456113
4.967592175368742
4.014984556648834
33.19971543816242
228.31262905162066
613.0110764305723
84.87788448712818
449.6435881019074
4.440901694010937
3.7080512204881955
54.32647992530345
332.1706397306397
654.2872951739619
109.923164983165
414.53391694725025
4.819057239057239
4.066442199775533
85.13340291806959
282.623599221982
192.81296296296296
449.7978246392897
10.143162393162394
7.682621082621083
238.68286166596636
110.14049334824148
393.94699704813956
7.166060332476219
5.76153992176366
2.0
299.7715287856797
660.7606736816642
121.65088292210935
383.75784147718105
5.548459925818417
4.740384615384616
90.09999999999998
250.36949053125522
657.1693899782135
143.7087453214904
397.996452712139
9.327146528126919
7.4670269817328645
88.000641025641
242.80945725599813
610.2235173538318
137.53945026787795
512.1348194735616
7.2655811786629405
5.882380619613325
64.22108688562777
228.06819583179183
570.5472931310888
86.67998520162782
543.9874213836478
5.305586385497595
4.405475397706252
39.23492415834258
221.57995010965828
557.8768088039154
101.42799941962018
583.1658574832722
5.042763947252404
4.092601273487246
31.655060186502823
229.74454425644902
571.4484514603562
97.98938891796034
562.1168478787527
6.033378878616975
4.763712037521562
43.121469271469266
232.66376180101668
605.5061728395061
93.338779956427
483.2516339869281
6.475671750181554
5.0021786492374725
54.5369644153958
328.81087648734706
657.8707893413775
124.77152114407016
465.5905117032568
6.33382213284174
5.527400703871293
83.14717334227139
303.4889549527231
149.2136752136752
533.7593464052287
6.193230219034881
4.761181782824402
248.39672341768807
115.34293737225457
437.209765965056
4.6306975398948715
3.350023289142809
3.0
307.83883361921096
652.9326243567752
129.7351972555746
403.65481989708405
6.051823899371069
5.075151515151515
89.7301212121212
260.1135690743534
633.3092425004189
129.7788671023965
386.93617674990224
5.982361320596614
5.034732696497403
86.09610356963297
242.53081166272656
593.3850801155766
132.90074074074073
500.52294720252166
7.081360651431574
5.7005516154452325
62.23400472813238
233.00178984414276
568.2493815987933
118.68131221719456
538.2661437908497
7.7262795374560085
6.586163901458019
52.80635746606335
226.6462703962704
561.3222610722611
129.6625874125874
561.5128205128204
8.006410256410257
7.088578088578089
49.05897435897435
219.31410256410257
574.7948717948718
111.33333333333333
494.45512820512823
6.955128205128204
6.032051282051282
55.90320512820512
216.82186625593633
594.064831215505
95.56787061994608
377.9664381979207
6.253392375818252
5.492362982929021
68.27040020536515
241.180174291939
605.270515613653
84.19275236020334
313.2156862745098
4.162483660130719
3.505432098765432
64.40957153231663
317.0429836829837
178.33196672608437
559.0351575982274
8.653986013986014
5.87962703962704
246.69461153908904
137.00896582327596
463.9789238655036
5.634616044599879
3.7964440739153926
