1.0
0.0
1.3907203907203904
421.1487179487179
51.17484737484737
227.32014652014652
205.63076923076923
0.9914529914529915
78.55855921855922
2.964529914529914
476.067094017094
203.10512820512818
506.63589743589745
218.87200854700856
1.599145299145299
89.48784188034188
1.7758190883190883
425.2932692307692
107.5298254985755
554.0565349002849
220.3507834757835
0.90625
71.42418091168089
0.7854560644034327
403.6396369712159
53.39295967190704
424.2092503987241
206.82323991797674
0.20799726589200274
54.487341839447105
2.8823631323631322
156.0586933086933
582.5009625009626
231.68454993454995
1.6786401786401788
2.110919311190209
99.61108755367657
510.4951779968227
221.32847748915862
1.0480258449685693
